$ 1 0.000005 204.8780465020098 27 5 43 5e-11
v 0 352 0 144 0 0 40 28 0 0 0.5
s 96 224 96 144 0 0 false
S 240 224 240 144 0 1 false 0 2
S 240 272 240 352 0 0 false 0 2
r 240 272 240 224 0 1.3
c 96 256 96 352 0 17 22.71214369008544 0.001
w 96 256 176 256 0
w 176 256 176 320 0
w 176 320 224 352 0
w 256 352 256 384 0
w 256 384 96 384 0
w 96 384 0 384 0
w 0 352 0 384 0
w 96 352 96 384 0
w 256 144 336 144 0
w 336 144 336 352 0
w 336 352 256 352 0
w 96 144 224 144 0
w 96 224 96 256 0
w 224 144 224 112 0
w 224 112 400 112 0
s 400 112 400 240 0 1 false
r 400 240 400 384 0 5
w 400 384 256 384 0
r 0 144 96 144 0 0.5
o 5 512 0 12291 28 16.63877795636654 0 6 5 3 4 0 4 3 0 0 0 3
